114
172
174
199
131
164
178999
186999
141
186
113
120
104
169
102
148
194
151999
199
178
135
199
141
111
169
140
121
165
147
186
139
178
172
198
105
152
160
138
163
199
117
151
139
180
183
154
153
128
154
159
130
176
123
156
196
164
172
169
114
197
130
189
195
146
172
176
158
124
155
119
194
163
161
108
101
105
162
143
150
107
170
149
155
174
161
176
195
128
121
189
138
115
118
169
148
187
127
178
149
108
161
174
192
116
198
123
152
148
122
116
163
131
1000148
1000230
114
176
197
191
174
168
149
136
104
161
194
192
133
193
183
136
160
168
188
185
118
119
107
189
123
171
183
129
177
190
148
166
133
134
181
189
124
149
155
120
134
154
174
142
173
154
196
140
126
112
116
160
133
115
198
133
178
172
198
180
126
154
128
120
165
142
159
154
156
118
142
129
196
162
183
172
178
113
170
179
105
128
192
182
192
191
145
164
